0
2
3
6
7
10
11
14
15
18
19
20
22
23
26
30
31
32
34
36
38
40
42
43
44
46
48
50
51
52
54
56
57
58
59
61
62
64
65
66
67
69
70
71
73
74
76
77
78
79
80
81
82
83
88
89
90
91
92
93
94
95
96
97
98
100
101
102
104
105
106
108
109
110
112
113
114
116
117
118
120
121
122
124
125
126
127
128
129
130
132
133
135
136
137
138
139
140
141
142
143
144
145
146
148
149
152
153
156
160
164
167
168
172
175
176
180
183
184
187
188
192
195
196
199
200
204
207
208
211
212
215
216
220
221
222
224
226
228
230
232
234
236
238
242
244
246
247
250
