0
2
4
6
8
10
11
12
14
15
16
18
19
20
22
23
24
26
27
28
30
31
32
34
35
36
38
39
40
41
42
43
45
46
47
49
50
51
52
53
54
56
57
58
60
61
62
64
65
66
67
68
69
70
71
72
73
74
75
76
77
78
79
80
81
82
83
84
85
86
87
88
89
90
92
93
94
96
97
98
99
100
101
102
103
104
105
106
108
109
110
112
113
114
115
116
117
120
121
124
125
128
129
132
133
134
135
136
137
138
139
140
141
143
144
145
148
149
151
152
153
155
156
157
158
159
160
161
162
164
165
168
169
172
173
176
177
178
179
180
181
184
187
188
189
191
192
193
196
197
200
204
208
212
216
220
223
224
227
228
231
232
235
236
240
244
247
248
251
252
254
255
256
258
259
